[ASDCFG.INI]
Version=6.0
[INSTRUMENT]
SerialNumber=19059
CalibrationNumber=1
Detectors=3
StartingWavelength=350
EndingWavelength=2500
InstrumentType=13
InstrumentHours=0
InstrumentMinutes=0
OptType=2
IOType=Net
AutoConnect=1
MacAddress=00:00:00:00:00:00
IPAddress=169.254.1.11
IPPort=8080
NetCommand=0
Wifi=0
EnableTrigger=1
MotorCurrentThreshold=160
MotorCurrentAdjustment=1.244
BoardAssemblyVersion=4
[DETECTOR1]
DetectorType=vnir
StartingWavelength=350
EndingWavelength=1000
RealChannels=512
UseLinear=0
CalWavelengthStart=332.051113938669
CalWavelengthStep=1.3670391133592
CalStartingWavelengthBlockV=330.91139469808
CalWavelengthStepBlockV=1.35418357589538
DeltaStepBlockV=0.000139957069328029
DeltaSquareStepBlockV=-2.39508183438116E-07
DriftChannelStart=1
DriftChannelCount=5
StartingIntegrationTimeIndex=0
MaxIntegrationTimeIndex=3
MinIntegrationTimeIndex=-1
DarkCurrentCorrection=0
DarkSampleCount=25
Interpolate=1
Vertex=675
HasShutter=0
[DETECTOR2]
DetectorType=swir1
StartingWavelength=1001
EndingWavelength=1800
RealChannels=537
IndexChannel=30
CalStartingWavelengthBlockA=866.304981201057
CalWavelengthStepBlockA=2.1754977529896
DeltaStepBlockA=-0.000104615601340385
DeltaSquareStepBlockA=-2.03308121097021E-07
CalStartingWavelengthBlockB=868.773412520775
CalWavelengthStepBlockB=2.18881525328077
DeltaStepBlockB=-0.000125088483290782
DeltaSquareStepBlockB=-2.19633392791794E-07
BlockAForward=1
AdjustOffset=0
DarkStart=521
DarkSize=10
LastGain=500
LastOffset=2048
Interpolate=1
Vertex=0
[DETECTOR3]
DetectorType=swir2
StartingWavelength=1801
EndingWavelength=2500
RealChannels=537
IndexChannel=30
CalStartingWavelengthBlockA=1582.60332201821
CalWavelengthStepBlockA=2.25852548308721
DeltaStepBlockA=-0.000158402067308522
DeltaSquareStepBlockA=-3.31478099400517E-07
CalStartingWavelengthBlockB=1584.45060137022
CalWavelengthStepBlockB=2.30462631532902
DeltaStepBlockB=-0.000326503530867798
DeltaSquareStepBlockB=-1.45452985985208E-07
BlockAForward=1
AdjustOffset=0
DarkStart=521
DarkSize=10
LastGain=500
LastOffset=2048
Interpolate=1
Vertex=1975
[FOREOPTICS]
FO0="Bare Fiber",0,R
FO1="0.75 Degree",1,R
FO2="2 Degree",2,R
FO3="4 Degree",4,R
FO4="6 Degree",6,R